%%MatrixMarket matrix coordinate real general
%
500 500 4969
1 35 3.8756916177276335E-1
1 129 2.955619265587799E-1
1 300 4.529916057318628E-1
1 321 2.9248770024438897E-1
1 451 2.0316956359851507E-1
1 466 3.532124497584027E-1
2 55 6.205241967407071E-2
2 64 3.949188490024235E-1
2 171 4.1981183948037637E-1
2 195 2.747933231919906E-1
2 197 1.0621614632869075E-1
2 329 1.8801700303360053E-1
2 359 3.4016804883550744E-2
2 390 3.661107136087906E-1
3 71 4.386020768707938E-1
3 207 2.3404366646329955E-1
3 220 2.357646026248887E-1
3 314 1.600701153049659E-1
3 325 1.7912681221769777E-1
4 27 3.507135692215521E-1
4 51 1.0115600700820865E-1
4 59 4.666494003676059E-1
4 92 2.1771799838526823E-1
4 102 4.2880179615745956E-1
4 287 3.572628643664963E-1
4 308 7.44355859279241E-2
4 422 1.8062817567557155E-1
5 11 2.4404606147081542E-1
5 120 2.51474449034941E-1
5 206 1.1670366488706585E-1
5 233 3.386025560310549E-1
5 238 5.753453039081602E-2
5 285 2.5705132016132254E-1
5 370 4.854811571084992E-1
5 377 4.4435720895740033E-1
5 487 4.876089687086556E-1
6 68 4.3021854064919135E-1
6 200 1.5309060322533358E-1
6 238 2.0863647574673E-1
6 275 4.495675150735957E-1
6 314 1.411967133410167E-1
6 394 4.5017186698294237E-1
6 408 1.0463659683377358E-1
7 52 1.7089133840096793E-1
7 98 9.076336029720511E-2
7 316 2.652964738132819E-1
7 421 3.155661901986778E-1
7 471 3.5012227394836914E-1
8 38 4.208443662444864E-1
8 90 8.288295849863736E-2
8 94 2.1023409023248807E-1
8 99 3.0222995804829156E-1
8 185 1.5955952592057843E-2
8 258 1.989892390237727E-1
8 339 2.548514385251597E-1
8 359 3.3170662465746115E-1
9 67 3.141129871434084E-1
9 121 1.825752851203215E-1
9 135 4.0048582051162135E-1
9 159 9.427317009368275E-2
9 172 1.9598913841692778E-1
9 300 4.413159194627631E-1
9 324 1.0093929087198883E-1
9 342 2.2809208052152158E-1
10 91 4.003676221971111E-1
10 116 4.4035503058689424E-1
10 226 2.7350569024390087E-1
10 241 3.368001769439283E-2
10 243 2.4571646004042602E-1
10 249 2.4668725097818883E-1
10 375 4.8993649725252136E-1
10 410 3.4629737791185405E-1
10 417 4.099811069702742E-1
10 435 2.065903014889942E-1
10 473 1.0489057197099849E-1
11 5 2.4404606147081542E-1
11 13 1.9464786129595807E-1
11 24 1.955952569183652E-1
11 27 1.0622550921317109E-1
11 125 4.0669289027382693E-1
11 233 1.9126259327447626E-1
11 238 7.213199241634003E-1
11 407 1.892748583507589E-1
12 45 3.9546620962499807E-1
12 67 2.9470384360085233E-1
12 123 1.11638072331468E-1
12 324 2.7946669620370596E-1
12 332 3.279114121634885E-1
12 342 6.26784814411363E-2
12 349 2.914774038325917E-1
12 358 1.0466037644387322E-1
12 376 4.359603759207204E-1
12 388 2.2927900972095688E-1
12 399 3.9527530175968495E-2
12 447 9.722024976125138E-2
13 11 1.9464786129595807E-1
13 56 2.2486005528753417E-1
13 74 2.6367182526385036E-1
13 96 2.0993861756776566E-1
13 123 3.79252254065275E-1
13 132 1.5033211155320703E-1
13 150 3.0512250214756387E-1
13 238 2.3098345659028802E-1
13 259 4.294685219632867E-1
13 270 3.9265613645770525E-2
13 348 6.1499979489327616E-2
13 352 2.998157565891754E-1
13 414 4.9280193650381726E-1
13 462 2.271103038911847E-1
14 14 8.08446855260828E-1
14 18 1.1416617176247595E-1
14 196 3.7578017307803147E-1
14 209 4.7647936648652534E-1
14 236 3.0948836086488185E-1
14 247 8.710422296445886E-2
14 258 3.1858699690789016E-1
14 348 1.5541659390303636E-1
14 398 4.7776037309557634E-1
15 24 1.341149260525355E-1
15 135 2.5950918780665644E-1
15 281 9.095653075381543E-2
15 332 2.2747534715231943E-2
15 336 3.7906127369398196E-1
15 380 3.559087528666899E-1
16 167 1.322508431280892E-1
16 299 2.641789646949749E-1
16 452 4.560312292581945E-1
17 28 2.4850415236625006E-1
17 35 4.591601369984054E-1
17 50 3.370510687540107E-1
17 52 2.398260792887455E-1
17 79 4.402155179619305E-2
17 142 2.3999234197534158E-1
17 151 2.9197219657721507E-1
17 251 1.8283500039195716E-1
17 301 3.544177568449767E-1
17 331 4.156838041823739E-1
17 429 5.412089697841277E-2
17 440 4.0874622001817096E-1
17 468 2.230583537769335E-1
18 14 1.1416617176247595E-1
18 20 4.020361047524642E-1
18 21 1.7201758006936618E-1
18 27 1.777695928604186E-1
18 133 1.743602023815211E-1
18 149 3.8526009224802776E-1
18 291 1.54678569403211E-1
18 493 3.6272558003098904E-1
19 120 3.7035831664453045E-1
19 141 3.2978110176990644E-1
19 155 1.5995533592403466E-1
19 184 3.421376323737103E-1
19 238 1.385683637224584E-1
19 292 9.13832484439896E-2
19 360 7.383902580508983E-2
19 373 2.849383137806133E-1
19 377 1.5468616348573544E-1
19 412 3.0780458571966235E-1
20 18 4.020361047524642E-1
20 43 2.218726427668779E-1
20 67 5.5098132288853074E-2
20 195 3.2864906057587656E-1
20 246 4.9314810765448713E-1
20 273 1.0916356299505814E-1
20 293 1.202763402964872E-1
20 315 7.541861166580283E-2
20 349 3.196084340680667E-1
20 435 4.395193108058212E-1
20 462 2.0121009588087269E-1
21 18 1.7201758006936618E-1
21 61 3.7435233376051447E-1
21 104 4.0534758524554715E-1
21 113 4.742830144515796E-1
21 195 3.24795717347901E-2
21 206 3.571402174252061E-1
21 223 1.7456810221111185E-1
21 321 3.962634476653241E-1
21 365 1.91488074241434E-1
21 370 3.1424301726612425E-1
21 371 3.2279878041382437E-3
22 66 2.0583243425506542E-1
22 94 4.625220191087981E-2
22 159 2.2736646562646895E-1
22 241 2.622973041787059E-1
22 254 2.2790381959651496E-1
22 276 1.616809653143837E-1
23 122 4.885298647897391E-1
23 247 3.3100210361621957E-1
23 248 3.991079600513854E-1
23 269 3.654599599566752E-1
23 327 9.641438306068517E-2
23 380 1.2527800986635307E-1
23 403 4.244598033379213E-1
23 451 1.7205594739928942E-1
24 11 1.955952569183652E-1
24 15 1.341149260525355E-1
24 30 4.2810137701185125E-1
24 66 3.714821059002742E-1
24 117 5.047685402419422E-2
24 221 2.543788138397958E-1
24 353 2.712305035248297E-2
24 500 2.94429490920567E-1
25 74 1.1635392293277969E-1
25 103 4.254777154813455E-1
25 113 2.195870394041397E-1
25 186 2.4180305253401801E-1
25 205 1.835987341596827E-1
25 235 1.4566567780468254E-1
25 298 1.754385906804405E-1
25 321 6.689541853463415E-2
25 379 2.2094869592274385E-1
25 433 4.1667422243312785E-1
25 492 5.597608005839105E-2
26 85 7.97690312273574E-2
26 109 5.573719309225034E-2
26 135 1.8975958050413633E-1
26 190 4.717702160422428E-1
26 249 4.791741396672859E-1
26 344 4.2392340606556234E-1
26 425 2.5287099636863636E-1
26 473 7.495624515407806E-2
27 4 3.507135692215521E-1
27 11 1.0622550921317109E-1
27 18 1.777695928604186E-1
27 31 6.383226992451313E-2
27 86 3.3593263421129954E-1
27 107 8.593442922402461E-2
27 255 1.421106528534714E-1
27 283 3.718128029529659E-1
27 305 1.8822246003866133E-1
27 327 2.0247035622460863E-1
27 359 3.934274738338351E-1
27 363 4.7345910364832766E-2
27 407 1.2153431056545161E-1
27 417 3.0338036193812645E-2
28 17 2.4850415236625006E-1
28 126 4.117313259755919E-1
28 209 4.4423995772940006E-1
28 233 4.229701381029106E-1
28 247 5.646658757111961E-2
28 293 4.830427768024583E-1
28 361 2.7511994567057146E-1
28 489 2.1946375337268786E-1
28 497 3.2967197670658027E-1
29 32 5.548492046693554E-2
29 127 4.0731922123806497E-1
29 258 4.690704868379256E-1
29 292 2.8527035655243993E-1
29 294 4.460102366862774E-1
29 382 9.93349938697326E-2
29 436 7.387023661057335E-2
29 464 4.3903096129584496E-1
30 24 4.2810137701185125E-1
30 120 1.481749282563512E-1
30 164 6.362572155183849E-2
30 199 8.52824487428932E-2
30 216 6.658143938093186E-2
30 219 3.6455998389379335E-1
30 228 9.350109953023111E-2
30 273 3.68647749334745E-1
30 320 1.710771051604824E-1
30 333 4.945737608193731E-1
30 338 2.697991391420429E-2
30 354 2.5256256894230894E-1
31 27 6.383226992451313E-2
31 141 4.448361473339146E-2
31 148 4.3445855892126023E-1
31 201 5.2061228621897326E-2
31 211 1.306423665281809E-1
31 282 1.5073176420828538E-1
31 399 4.5303365208862373E-1
31 430 5.492021364128115E-1
32 29 5.548492046693554E-2
32 41 4.09310925815518E-1
32 212 1.979161980099799E-1
32 353 3.00462563393595E-1
32 370 4.1745910565322436E-1
32 372 3.142880067720344E-2
32 378 4.0199539286615404E-1
32 383 3.194115836070499E-2
32 401 3.29030504022246E-1
32 440 1.8660401231168355E-2
32 447 3.906179049435038E-2
32 458 1.1095356257391398E-1
32 469 1.8952739817498893E-1
33 111 4.27748577110033E-1
33 247 1.0202059923674123E-2
33 295 1.8796661059882708E-1
33 326 1.9302595010747509E-1
33 393 4.031459691552253E-1
33 416 4.6812777969936764E-1
33 430 3.291120103839688E-1
33 485 1.1076003872987289E-1
34 206 4.4448712403291835E-1
34 211 1.0726237032348773E-1
34 282 2.908456934475725E-1
34 355 3.469208256382835E-1
34 483 7.645764263801058E-2
34 494 3.724971420285839E-1
35 1 3.8756916177276335E-1
35 17 4.591601369984054E-1
35 35 6.909611444349784E-1
35 52 1.2764264155685656E-1
35 148 4.861186094533553E-1
35 171 3.8051951502958625E-1
35 238 4.155506838232453E-1
35 323 9.272443522543822E-2
35 364 2.766408135564452E-2
35 381 3.4163740717665503E-1
35 420 2.5972345210433506E-1
35 462 2.961307950744011E-1
36 36 5.527174584670367E-1
36 127 2.5054326411342126E-1
36 129 4.992299819461746E-1
36 147 1.3793952889197603E-1
36 161 1.515908442639879E-1
36 210 1.927414511054965E-1
36 225 2.9812721031688444E-1
36 283 3.7137908212812054E-1
36 316 2.739997451710956E-1
36 436 8.670321021707506E-3
36 461 8.342626446642293E-2
37 118 2.6267829862549036E-1
37 138 1.5644099325253197E-1
37 183 3.367376427515354E-1
37 185 4.880480545264301E-1
37 251 3.749498304199507E-1
37 344 4.1678771852887203E-1
37 436 3.3068145779304803E-1
37 441 1.8251622585332433E-1
37 486 3.2726707856887927E-1
38 8 4.208443662444864E-1
38 40 4.484546557580182E-3
38 141 1.4343675024822822E-1
38 190 2.1586599017696506E-1
38 221 1.7334314650762078E-1
38 259 4.4053124482845923E-1
38 315 4.4497636411129593E-1
38 358 1.0884209030370712E-1
38 381 2.246422117123691E-1
39 75 4.407867218130222E-1
39 94 3.566326186918632E-1
39 110 3.1930489940514645E-1
39 146 4.312969771756386E-1
39 207 4.8720756121123265E-1
39 260 3.0823299417005456E-2
39 283 3.5877431166658397E-1
39 371 2.050140216717291E-1
39 434 2.9610291305092196E-1
39 453 7.308065210009429E-2
39 462 1.8611902989274887E-1
39 496 9.503559587925875E-2
40 38 4.484546557580182E-3
40 136 4.779810307902465E-1
40 144 3.626792456607893E-1
40 183 3.5507596216015247E-1
40 219 2.1919102761401343E-1
40 288 4.7076960894031533E-1
40 341 4.311728614586778E-1
40 378 3.375649344615538E-1
40 395 4.1491456445356145E-1
40 425 3.466909088932441E-1
40 430 4.7601582840959067E-1
40 461 1.0534578960494556E-1
41 32 4.09310925815518E-1
41 43 1.970425400162527E-1
41 89 4.0393368015538095E-1
41 140 6.77211396395318E-2
41 157 5.544825226119815E-2
41 160 6.352598744927818E-2
41 236 2.3869555932724978E-1
41 252 7.107962774568932E-3
41 256 1.547572393028222E-1
41 414 2.8244114421246497E-1
41 448 3.4655156774497314E-1
41 459 4.153368927434176E-1
41 474 2.625174197525628E-1
41 489 2.0130827979734262E-1
42 90 2.3033324391216747E-1
42 138 1.2892244544436648E-1
42 141 3.567318628496578E-1
42 189 2.522072638686424E-1
42 233 1.2250713022554921E-1
42 401 4.040360337594612E-1
42 435 4.357109747897206E-1
43 20 2.218726427668779E-1
43 41 1.970425400162527E-1
43 121 4.0929140120188234E-1
43 159 6.997353057557193E-2
43 168 3.242354965449367E-1
43 230 4.208834953633667E-1
43 343 1.7820324050186576E-2
43 442 3.601790872615858E-1
44 146 4.8172244301342476E-1
44 149 4.371547959977029E-2
44 313 3.04738566670621E-1
44 339 2.706344454785903E-1
44 340 1.874109580240383E-1
44 402 7.400005384403174E-2
45 12 3.9546620962499807E-1
45 108 4.6815267145725814E-1
45 254 1.253995533241128E-1
45 315 5.406355890416692E-2
45 326 2.733950480464445E-1
45 350 4.0997074572234254E-1
45 368 2.0046238762165047E-2
45 468 2.96121094088482E-1
45 498 3.973831592567648E-1
46 67 5.7035298509523324E-2
46 98 1.396208354445011E-2
46 109 1.7773027350595821E-1
46 153 1.5779120148333392E-1
46 155 3.3351364788973675E-1
46 193 2.4271706202333004E-1
46 231 4.847140524047372E-1
46 262 4.5077041515006944E-1
46 401 1.4344244523150812E-1
46 424 3.6889699658811753E-1
47 106 4.538340878148455E-1
47 156 3.353304376215478E-1
47 195 3.147991364120666E-1
47 213 1.9040242217299813E-1
47 232 4.9176081629686497E-1
47 332 8.889156562515194E-2
47 366 1.9787306705487845E-1
47 391 2.441340533086287E-1
47 407 2.0756380930701318E-1
47 474 4.326175964514863E-1
48 168 2.6274470602587313E-1
48 184 2.5157139576747745E-1
48 253 3.604758673647165E-1
48 275 2.149669482206088E-1
48 348 7.95682259854622E-2
48 378 3.920232043044252E-1
48 455 3.973880446741596E-1
49 82 8.165656398375881E-2
49 94 1.6421783475412388E-1
49 201 1.2992182492364568E-1
49 233 2.1921305280410108E-1
49 407 1.9463383269919804E-1
49 472 1.3692563422082776E-1
49 487 3.1623521283355177E-1
50 17 3.370510687540107E-1
50 163 2.9959294498927647E-1
50 251 2.934152282087621E-1
50 339 1.418065186734736E-1
50 492 3.4955754377562226E-1
51 4 1.0115600700820865E-1
51 111 7.234162088304247E-2
51 127 1.783102932087507E-1
51 188 2.691231533349254E-1
51 193 4.6981728533278533E-1
51 284 1.1293529444879224E-1
51 333 1.307137551010515E-1
51 366 1.8560958404859634E-1
51 453 4.817181708031614E-1
52 7 1.7089133840096793E-1
52 17 2.398260792887455E-1
52 35 1.2764264155685656E-1
52 63 4.5499683159033993E-1
52 164 2.4610003114964513E-1
52 194 1.6013779679712342E-1
52 356 1.5141314767660263E-1
52 368 2.0539202282115937E-1
52 370 8.269027705243609E-2
52 393 8.617553858816634E-2
52 436 1.0213847886345462E-1
53 96 4.2294284676910376E-2
53 154 3.177305183233246E-1
53 250 4.4697947976531355E-1
53 264 4.0202753973253585E-1
53 301 1.71049018695478E-1
53 346 1.2201997912358065E-1
53 428 4.75054101043335E-1
54 99 4.43939915876598E-1
54 168 3.303269839413976E-1
54 195 4.0956422578132357E-1
54 334 1.4100052031852145E-1
54 452 1.2678566208678388E-1
55 2 6.205241967407071E-2
55 83 7.308073924405473E-2
55 117 4.37093384504601E-1
55 131 2.2262837643576472E-1
55 177 4.672078546043899E-1
55 211 1.0360860223600382E-1
55 226 2.6812514449270908E-3
55 264 1.806305539436731E-1
55 307 7.508485055221792E-2
55 357 8.495379113593671E-2
55 406 3.259062109651757E-1
55 441 4.9188277075463716E-1
55 485 4.003372240525172E-1
55 486 4.017848929693067E-1
56 13 2.2486005528753417E-1
56 65 2.786072187960299E-1
56 102 4.2650778636348546E-1
56 194 1.714250400897651E-1
56 245 2.400126631338756E-2
56 272 2.1005491624049355E-2
56 285 1.7935169077737223E-1
56 316 6.0013300748771925E-2
57 70 1.0756571150896715E-1
57 130 2.1049780374021587E-1
57 312 1.6028355178449194E-2
57 356 3.82213445788791E-1
57 357 3.9602975920523326E-1
57 375 9.77391687493217E-2
57 378 4.617513260125988E-2
57 426 4.851244585561752E-1
57 452 2.028107996327257E-1
57 460 4.5462251164365347E-1
57 489 2.9921905118686204E-1
57 493 1.6778643118900816E-1
58 176 1.6265599862220326E-1
58 211 3.5895669260278157E-1
58 236 4.7510564175917014E-1
58 306 3.830009518922032E-1
58 365 5.590124710023969E-2
58 403 1.4717774858019383E-1
58 424 2.8794453718211527E-1
58 431 4.345495168667634E-1
58 442 2.4920068286766095E-1
58 471 3.966802658724524E-1
58 482 4.931443000840493E-1
58 484 1.291667210168242E-1
59 4 4.666494003676059E-1
59 118 4.5665593225961365E-2
59 236 1.613459654994146E-1
59 266 3.2012396210271654E-1
59 296 4.420731522586135E-1
59 298 3.898716071933744E-1
59 319 9.484128236371192E-2
59 420 4.3187614937336966E-1
59 465 6.693817441745081E-2
60 79 1.8422139142265237E-1
60 189 7.184144142818649E-2
60 352 3.7966428099404825E-1
61 21 3.7435233376051447E-1
61 93 2.266449593646554E-1
61 105 3.617647787694238E-1
61 121 4.925924980428247E-1
61 191 1.1448227403304145E-1
61 196 3.6442975145154016E-1
61 227 3.5773885807145417E-1
61 240 2.6970559436631214E-1
61 254 7.373103301909595E-2
61 275 4.4208872654230813E-1
61 363 1.9909754204680952E-1
61 420 3.122817397770289E-1
61 426 2.499759375355209E-1
61 472 6.539159861461635E-2
61 486 1.947307497168414E-1
62 95 3.8193042870930816E-1
62 120 1.473882309466179E-2
62 122 2.699920023573435E-1
62 235 3.4336445554824685E-1
62 285 4.5112630653200025E-1
62 306 2.4769594109770138E-1
62 484 3.418616983294398E-2
63 52 4.5499683159033993E-1
63 113 4.00665926964236E-2
63 118 1.3173316862772966E-1
63 150 2.0516706757392938E-1
63 207 3.0988361078285603E-1
63 333 3.730119858260917E-1
63 415 4.760869148187263E-1
63 435 2.0529537942120774E-1
63 452 2.144059007559596E-1
63 454 1.8878413688732282E-1
63 464 3.335846764368772E-1
64 2 3.949188490024235E-1
64 79 5.436730732633577E-2
64 154 1.552059871101344E-1
64 163 6.2109642629794126E-2
64 223 1.9893023692746065E-1
64 293 1.9018761122011513E-1
64 303 3.734027647835563E-1
64 308 4.49810964168352E-1
64 310 2.917844490250301E-1
64 442 4.1211305353488564E-1
65 56 2.786072187960299E-1
65 72 1.4892170231312046E-1
65 74 1.128559950210446E-1
65 106 1.0704065129885049E-1
65 121 2.6037792804775717E-1
65 124 5.726713674583772E-3
65 200 2.4273877783272763E-1
65 247 4.220763610989897E-2
65 283 4.8541315764323273E-1
65 302 3.1417957623805925E-1
65 307 6.60609596841944E-2
65 318 2.8405197043323055E-1
65 332 1.4980566084440067E-1
65 341 1.5856035352554898E-1
65 349 1.343408467664891E-1
65 452 4.757069292960603E-3
66 22 2.0583243425506542E-1
66 24 3.714821059002742E-1
66 74 1.6995463601793115E-1
66 90 4.517905607457114E-1
66 253 3.5527361816774294E-1
66 263 7.83795193388751E-2
66 285 3.7737997218949937E-1
66 316 3.5391743491313205E-1
66 375 2.0321381467318106E-1
66 403 1.9532560714640224E-1
66 465 2.1633841460830067E-1
67 9 3.141129871434084E-1
67 12 2.9470384360085233E-1
67 20 5.5098132288853074E-2
67 46 5.7035298509523324E-2
67 132 7.12737874340591E-3
67 154 2.271851321285962E-1
67 192 1.4679413776547806E-1
67 225 4.7739463619228484E-2
67 233 3.56384267489681E-1
67 242 1.1204877768709215E-1
67 300 1.6870809061725084E-1
67 414 2.984026609411944E-2
67 454 9.461152982791748E-2
68 6 4.3021854064919135E-1
68 169 1.8680022767166127E-2
68 237 3.116476217521111E-1
68 331 3.831991392980512E-1
68 351 2.7519178379432174E-1
68 363 1.6521354115375253E-3
68 423 6.0917061245954696E-2
69 91 2.3560004043994276E-2
69 130 1.1962409301025567E-1
69 146 2.3405850247937693E-1
69 218 4.1828299170825045E-1
69 233 1.084189082533793E-1
69 258 4.848007557431811E-1
69 285 3.3290989000525006E-1
69 290 2.0916121130110632E-1
69 411 1.2207175930402481E-1
69 429 3.6923275584015286E-1
69 452 3.104112571596302E-1
69 488 1.1387190526438468E-1
70 57 1.0756571150896715E-1
70 84 3.73616318829199E-1
70 169 5.338693734172251E-2
70 209 2.2500607729823302E-1
70 251 4.771947480224853E-2
70 278 9.169867933119663E-2
70 301 4.6799961698437786E-1
70 411 7.162717544910097E-2
70 475 2.1215889304876667E-1
70 483 4.289409420384558E-1
71 3 4.386020768707938E-1
71 116 7.699382762800022E-2
71 160 1.3851179109089806E-1
71 263 4.880867553339924E-2
71 305 3.6522154517604777E-1
71 330 2.907261854329424E-1
72 65 1.4892170231312046E-1
72 118 3.7973660085210026E-1
72 160 5.134047467711772E-2
72 372 3.6767076816695776E-2
73 110 1.79364802500323E-1
73 133 1.9089722728537573E-1
73 145 1.032738516932058E-2
73 195 3.570931286082962E-2
73 205 3.867343975806157E-1
73 215 2.2225436665871984E-1
73 234 2.2563604728047815E-1
73 281 1.996465536551436E-1
73 328 3.0559978189300246E-1
73 409 2.462750990826299E-1
73 439 2.0208746482893208E-1
73 460 3.1231185447357035E-1
74 13 2.6367182526385036E-1
74 25 1.1635392293277969E-1
74 65 1.128559950210446E-1
74 66 1.6995463601793115E-1
74 115 2.2036044389929227E-1
74 154 3.9939782199673146E-2
74 196 3.931375387338636E-1
74 274 7.007945272416355E-2
74 343 4.2172974535722446E-1
74 454 1.5527672695389017E-2
75 39 4.407867218130222E-1
75 109 1.4631643401136413E-1
75 120 2.8687933382319303E-1
75 161 1.7145760110478103E-1
75 224 8.475353177784434E-2
75 247 1.9830515128560205E-1
75 268 1.3588238397382263E-1
75 293 4.9753720848557553E-1
75 311 4.8609372307202764E-1
75 320 3.2584758067362984E-1
75 412 1.4432854986776295E-1
75 456 3.1720375776541854E-1
75 482 2.6730903753273766E-1
76 153 1.191768487267924E-1
76 158 2.681062486906388E-2
76 163 4.509188264718363E-1
76 250 4.6791824598210685E-1
76 258 2.2168084270077748E-1
76 372 3.9168876879499454E-1
76 407 4.783178000843674E-2
76 437 2.335397244284334E-1
76 447 1.363998211025012E-1
76 463 4.205338332423627E-1
76 481 7.373736366978195E-2
77 98 2.6423087209279045E-1
77 160 4.799294477937443E-1
77 298 3.075499608379475E-1
77 420 3.031019087873943E-2
77 422 1.9780977629041063E-1
77 476 1.8324405987160147E-1
78 96 3.8590682360543965E-1
78 97 4.330216673380652E-1
78 123 8.769105962052293E-2
78 130 4.51330370868896E-1
78 144 2.3920090629115304E-1
78 301 2.502383645515063E-1
78 311 1.619616604134207E-1
78 370 1.7189962557539723E-1
78 393 2.9639638272707597E-1
78 426 1.112778916163672E-1
78 438 4.3273563603215E-1
78 443 1.5108225065902786E-1
78 472 2.3612035250271096E-1
79 17 4.402155179619305E-2
79 60 1.8422139142265237E-1
79 64 5.436730732633577E-2
79 81 3.0213263419251085E-1
79 90 2.591601833153456E-1
79 227 2.9599122945066586E-1
79 268 4.225850393318958E-1
79 327 4.588207657232549E-1
79 344 1.3653028793029653E-1
79 345 4.8235742692421035E-2
79 397 8.986619384917216E-2
79 428 3.025038925195608E-1
79 469 8.707514850123194E-2
80 110 3.0387843833023037E-1
80 411 2.592771701662991E-1
80 486 4.0165590031415327E-1
81 79 3.0213263419251085E-1
81 210 2.7477858064060556E-1
81 275 2.6891521888732395E-2
81 299 4.7290232264248666E-1
81 356 1.1836871655274583E-1
81 366 1.8763488678683565E-1
81 379 5.071694144756228E-2
81 381 4.1682858179233484E-1
81 394 4.0502156999150946E-1
81 410 4.874600427958692E-1
81 416 1.9690628668034632E-1
81 469 1.911199452466667E-1
82 49 8.165656398375881E-2
82 107 4.9340258959009003E-1
82 124 1.6445291626207775E-1
82 198 3.7408999689232153E-1
82 228 1.6367837578506395E-1
82 231 3.745473197198978E-1
82 271 1.5076724110258838E-1
82 354 1.9978042144919705E-1
82 421 3.8462554216874745E-1
82 446 3.875656037206676E-2
83 55 7.308073924405473E-2
83 146 1.5939954254115363E-1
83 149 1.4420882083290681E-1
83 203 4.6493091813789256E-1
83 283 9.488502568404655E-2
83 303 3.985718713333213E-1
83 340 1.4196901786249505E-1
83 394 4.861190514504697E-1
83 400 4.3562521751385125E-1
83 406 2.037241682310803E-1
83 490 3.1668398420683486E-1
84 70 3.73616318829199E-1
84 201 2.6544825541415906E-1
84 246 3.995633232509274E-1
84 250 3.7087732678051877E-1
84 288 2.466354213621717E-1
84 294 1.8110435350140353E-1
84 300 3.417439040260058E-1
84 325 3.3242739814367955E-1
85 26 7.97690312273574E-2
85 95 3.7625875696819533E-1
85 98 3.262149831961828E-1
85 166 2.4941347124237728E-1
85 201 3.205331307500201E-1
85 238 3.758091883480315E-1
85 306 1.1292077976558212E-1
85 358 1.8218964887344619E-1
85 367 1.501787029581747E-2
85 375 3.600032884487027E-1
85 401 4.4433288165139684E-1
85 468 4.0244675309317596E-1
85 473 4.565972062078155E-2
85 485 4.071606867969023E-1
86 27 3.3593263421129954E-1
86 117 4.9535786839462137E-1
86 269 4.287316093061867E-1
86 290 1.7002469877341575E-1
86 291 2.2740142443830613E-1
86 360 3.800154890072481E-1
86 410 1.3354335964192426E-1
86 426 1.3467459918602676E-1
86 450 4.074478886745426E-1
87 99 4.416326788324903E-1
87 300 3.6287941218864084E-1
87 332 3.725416987112448E-1
87 350 2.722781740666144E-1
87 361 2.2476142767035506E-1
87 373 2.330595519106723E-1
87 397 4.346753783080276E-2
87 472 3.65680568739052E-1
88 118 3.777602948493632E-1
88 132 2.5202556369303736E-1
88 275 2.8278864908305806E-1
88 341 1.5905199928966107E-3
88 369 8.500338772080795E-2
88 432 3.338187994330865E-1
88 470 3.609360234844705E-2
89 41 4.0393368015538095E-1
89 102 2.9339973433750355E-1
89 113 6.366719041185614E-2
89 144 2.626751932157434E-1
89 197 4.056319515562362E-1
89 207 4.870357918330637E-1
89 275 3.1367996260279357E-1
89 363 1.5085989276277428E-1
89 497 1.4117701640729086E-1
90 8 8.288295849863736E-2
90 42 2.3033324391216747E-1
90 66 4.517905607457114E-1
90 79 2.591601833153456E-1
90 139 5.244738822761608E-3
90 238 1.4044149270138662E-1
90 402 4.28348803859516E-1
90 406 3.824345668400318E-1
90 458 2.0812550026520632E-1
91 10 4.003676221971111E-1
91 69 2.3560004043994276E-2
91 92 2.748251523684585E-1
91 138 4.259946850731273E-1
91 224 1.1974430191895163E-1
91 251 1.3978049473860388E-1
91 285 1.3762355644356683E-3
91 315 3.20259570613461E-1
91 333 4.518283978246047E-1
91 373 3.9705168232769905E-1
91 381 4.417004419874532E-1
91 471 4.893763211746417E-1
92 4 2.1771799838526823E-1
92 91 2.748251523684585E-1
92 281 1.423978609732009E-1
92 283 4.609435989246949E-1
92 313 1.9972959801602347E-1
92 374 3.582690922404383E-1
92 419 2.3790238895928278E-1
92 436 9.108255933020931E-2
93 61 2.266449593646554E-1
93 112 3.7461786857693163E-1
93 130 3.837173373720943E-1
93 184 4.3786354642427366E-1
93 239 3.9611913259735004E-1
93 254 4.740296620984352E-3
93 266 2.994976726183262E-1
93 268 2.0089694694578858E-1
93 280 1.7081164254469422E-1
93 293 1.1026723348498174E-1
93 303 3.7017947910790067E-1
93 305 4.09769278497646E-1
93 313 3.620102563330355E-1
93 314 2.719902081384598E-1
93 400 4.273872658360928E-2
94 8 2.1023409023248807E-1
94 22 4.625220191087981E-2
94 39 3.566326186918632E-1
94 49 1.6421783475412388E-1
94 94 7.575303130527417E-1
94 124 3.71509730391591E-1
94 210 2.042311415193902E-1
94 231 4.57386479093649E-1
94 236 9.452395137888536E-3
94 374 4.2088880547912744E-1
94 492 3.9489865024680987E-1
95 62 3.8193042870930816E-1
95 85 3.7625875696819533E-1
95 125 1.7465154186823645E-1
95 127 2.5554972096760936E-1
95 181 1.9282746724264832E-2
95 205 3.3246884592397924E-1
95 372 2.601980784914583E-1
95 431 4.9257166689227694E-2
96 13 2.0993861756776566E-1
96 53 4.2294284676910376E-2
96 78 3.8590682360543965E-1
96 138 2.461493367543905E-1
96 158 6.355493951630614E-2
96 207 4.04822344122434E-1
96 336 8.628085827251397E-2
96 339 3.4893093149206905E-1
96 372 4.252147710807702E-1
96 375 2.0844133328336045E-1
96 438 6.30927399470036E-2
97 78 4.330216673380652E-1
97 111 2.364226667485852E-1
97 146 3.695058777977955E-1
97 183 1.7956795757972432E-1
97 209 3.951978505619381E-1
97 228 4.968578820426036E-1
97 308 7.394821391301004E-2
97 321 1.2837492398342543E-1
97 325 1.8207206782542396E-2
97 349 3.066464148274981E-1
97 353 1.6074685764803304E-1
97 363 1.630539460936864E-2
97 369 1.8181501782049153E-1
97 437 1.8917773202358046E-2
98 7 9.076336029720511E-2
98 46 1.396208354445011E-2
98 77 2.6423087209279045E-1
98 85 3.262149831961828E-1
98 224 3.864751720422355E-2
98 252 2.0186903633785547E-1
98 294 6.614538909437451E-2
98 335 3.507215451316265E-1
98 465 3.516616347499362E-1
99 8 3.0222995804829156E-1
99 54 4.43939915876598E-1
99 87 4.416326788324903E-1
99 157 6.152412979038557E-2
99 188 1.4088292998828578E-2
99 429 1.4057310452469773E-1
99 430 2.23118190279408E-1
99 479 5.0552751971916554E-2
99 486 4.6353037237593914E-1
100 107 2.543050277768633E-1
100 242 3.258587221766151E-1
100 246 2.6641028169264186E-1
100 263 8.923488485878234E-2
100 355 3.0162710597066833E-1
100 442 4.242082765665156E-1
101 109 4.854067026759759E-1
101 117 4.158867276431359E-1
101 147 3.6059735921116925E-1
101 166 3.195488795679643E-1
101 234 4.736742133926497E-1
101 256 1.2321860294424974E-1
101 328 1.0253133202416831E-2
101 355 3.1621495859248555E-1
101 377 5.695509689628325E-2
102 4 4.2880179615745956E-1
102 56 4.2650778636348546E-1
102 89 2.9339973433750355E-1
102 116 3.016920799894019E-1
102 147 9.284566938680267E-2
102 197 9.331540156339779E-2
102 201 1.052463649056729E-1
102 218 1.2779309097552538E-3
102 227 4.820012199685462E-1
102 233 4.536289915218059E-1
102 256 2.7082853867015205E-1
102 317 3.8470568029243435E-1
102 339 4.794864717707854E-1
102 342 8.880504058265687E-2
102 377 4.876071817216679E-1
102 394 1.4423775127843186E-1
102 421 3.513332656532822E-1
102 438 5.676196961403296E-2
102 479 4.0017783986607286E-1
103 25 4.254777154813455E-1
103 110 7.031532194066437E-3
103 140 1.8952637528713695E-1
103 155 2.0999947407302094E-1
103 156 2.0579286642712985E-1
103 207 1.2333286996520271E-1
103 218 1.8166080909281013E-1
103 248 1.1129368985779675E-1
103 259 4.000904672688303E-1
103 272 3.7234669636569756E-1
103 273 3.6696885805404744E-1
103 371 7.64106823169518E-2
103 411 3.492635883298338E-1
103 429 3.0779444891370816E-1
103 430 8.117087304265619E-2
103 481 2.3176761177568722E-1
104 21 4.0534758524554715E-1
104 105 3.414197914936278E-1
104 129 4.7124454315732023E-1
104 278 3.0248271696279416E-1
104 281 3.8183546993147427E-1
104 336 4.3384655167122527E-1
104 364 2.0027703516318968E-1
104 398 3.953664470336905E-1
104 449 2.52902770973077E-1
104 462 2.61777907575953E-2
105 61 3.617647787694238E-1
105 104 3.414197914936278E-1
105 142 4.2329593781213204E-2
105 156 2.889305226325877E-1
105 211 3.645048314295883E-1
105 375 4.155829328766908E-2
105 387 4.093153099667631E-1
105 411 4.206766372745996E-2
105 414 2.500234636688537E-1
106 47 4.538340878148455E-1
106 65 1.0704065129885049E-1
106 178 3.178161484324261E-1
106 194 7.944846022842672E-2
106 297 7.0883968970142375E-3
106 318 4.417358692243245E-3
106 330 1.962291756574301E-1
106 356 4.477606718496194E-1
106 357 4.8231064704704396E-1
106 368 2.2617518017244315E-1
106 371 1.9834046391618776E-1
106 411 2.3178788844181852E-1
107 27 8.593442922402461E-2
107 82 4.9340258959009003E-1
107 100 2.543050277768633E-1
107 157 4.33518314893229E-1
107 162 2.7532277893021706E-1
107 166 4.0157406745433266E-1
107 171 3.126456768051209E-1
107 193 2.5269196768358787E-1
107 227 3.729617976844652E-1
107 242 2.0996600824191902E-1
107 330 2.903131176616558E-3
107 365 3.713496289254931E-1
107 420 5.987414882411435E-2
108 45 4.6815267145725814E-1
108 119 4.7350578329123066E-1
108 132 4.64239130556627E-1
109 26 5.573719309225034E-2
109 46 1.7773027350595821E-1
109 75 1.4631643401136413E-1
109 101 4.854067026759759E-1
109 171 1.8870619431155355E-1
109 172 4.193196232772139E-1
109 261 4.970390556581713E-1
109 275 4.662115418921953E-1
109 357 1.923552575491866E-2
109 383 5.7704161177797475E-2
109 433 2.121682103453552E-1
110 39 3.1930489940514645E-1
110 73 1.79364802500323E-1
110 80 3.0387843833023037E-1
110 103 7.031532194066437E-3
110 168 4.9534737963231074E-1
110 225 4.7564406861957614E-1
110 278 7.189038976220669E-2
110 343 3.037123708374334E-2
110 412 4.105657700948664E-1
110 445 2.3905738489301254E-1
110 458 7.284731680400813E-2
110 476 6.2291585557524676E-2
111 33 4.27748577110033E-1
111 51 7.234162088304247E-2
111 97 2.364226667485852E-1
111 121 3.5524409342206514E-1
111 154 1.4462940388734763E-1
111 162 1.4047293219943896E-1
111 177 2.7450929110482247E-2
111 182 1.7935308021762492E-1
111 226 3.494080686209779E-1
111 406 6.50115728231202E-2
111 440 4.9994661818700337E-1
111 473 3.4272460271571986E-1
112 93 3.7461786857693163E-1
112 139 3.4700844302202105E-1
112 179 2.511169061057676E-1
112 235 2.5917317717608396E-1
112 283 1.5977873348800853E-2
112 304 2.496295410735394E-1
112 328 4.152474439037786E-1
112 341 4.5899735208911757E-1
112 372 2.6615033707639024E-1
112 449 2.0780295667159293E-1
112 472 4.613710577884039E-1
113 21 4.742830144515796E-1
113 25 2.195870394041397E-1
113 63 4.00665926964236E-2
113 89 6.366719041185614E-2
113 130 1.78996299100173E-1
113 188 4.779544346374606E-1
113 260 5.5553882082525985E-2
113 389 2.386451047425534E-1
113 416 1.1832631707775604E-1
113 434 3.538860010014497E-1
114 174 5.6836896106307044E-2
114 417 4.862737081570323E-1
114 423 4.934818617852885E-1
114 424 2.9288382637616733E-1
114 442 4.779513014917642E-1
114 447 4.146015848754193E-1
114 491 4.658640885254782E-1
115 74 2.2036044389929227E-1
115 179 4.171956121740276E-1
115 349 2.7292912878649866E-1
115 370 2.0222261827956334E-2
115 371 4.7694654734256514E-1
116 10 4.4035503058689424E-1
116 71 7.699382762800022E-2
116 102 3.016920799894019E-1
116 196 2.415762270435145E-1
116 201 3.847530448524472E-2
116 271 4.2364760799630974E-1
116 297 2.3187017227415657E-1
116 339 1.0825625430207941E-1
116 486 1.8261638283071308E-1
117 24 5.047685402419422E-2
117 55 4.37093384504601E-1
117 86 4.9535786839462137E-1
117 101 4.158867276431359E-1
117 140 4.219236533019233E-1
117 193 4.250030234106605E-1
117 269 7.013148784752288E-2
117 272 3.182108046277089E-1
117 344 1.0859835498102766E-2
118 37 2.6267829862549036E-1
118 59 4.5665593225961365E-2
118 63 1.3173316862772966E-1
118 72 3.7973660085210026E-1
118 88 3.777602948493632E-1
118 205 3.9285391324759944E-1
118 294 1.5977931779790805E-1
118 317 4.0354101004116766E-1
118 334 4.9023881618215287E-1
118 354 2.62978353412627E-1
119 108 4.7350578329123066E-1
119 165 3.8054591421322315E-1
119 220 7.150919986140092E-3
119 231 2.641772585374713E-1
119 334 1.1349417464043088E-1
119 479 3.7007793848694226E-1
119 498 3.936160904088761E-1
120 5 2.51474449034941E-1
120 19 3.7035831664453045E-1
120 30 1.481749282563512E-1
120 62 1.473882309466179E-2
120 75 2.8687933382319303E-1
120 149 1.1790770887993385E-1
120 187 4.1759445685132723E-1
120 192 2.1199530728367266E-1
120 221 5.566787831503589E-2
120 243 9.001013197854846E-2
120 369 3.2667807814864003E-3
120 376 3.7209210773976276E-1
120 384 4.408454458153536E-1
120 385 2.641347102366939E-1
121 9 1.825752851203215E-1
121 43 4.0929140120188234E-1
121 61 4.925924980428247E-1
121 65 2.6037792804775717E-1
121 111 3.5524409342206514E-1
121 126 1.1832930292754323E-1
121 141 1.4843758165977694E-1
121 317 4.426855883117354E-1
121 417 3.650646862712573E-1
122 23 4.885298647897391E-1
122 62 2.699920023573435E-1
122 226 2.651803812029711E-1
122 295 2.77724077020496E-1
122 313 4.978780930123313E-1
122 402 4.361958074100169E-1
122 406 4.980042351666179E-1
122 414 4.9342398184698794E-1
122 420 4.3302265033148396E-1
123 12 1.11638072331468E-1
123 13 3.79252254065275E-1
123 78 8.769105962052293E-2
123 153 6.394497068327193E-2
123 159 1.8667986875367593E-1
123 178 2.1777533306603758E-1
123 180 4.4707186863884085E-1
123 436 2.697016446297403E-1
124 65 5.726713674583772E-3
124 82 1.6445291626207775E-1
124 94 3.71509730391591E-1
124 127 2.333255529113587E-2
124 129 2.1666261393852881E-1
124 186 2.37281077453166E-1
124 295 3.6228101345411806E-1
124 314 1.3817018507092266E-1
124 410 4.9523794095655577E-1
124 441 6.812106652698896E-2
124 477 3.1467274803731016E-2
124 491 3.0411129761041816E-1
125 11 4.0669289027382693E-1
125 95 1.7465154186823645E-1
125 169 4.267212763912883E-1
125 179 3.611124260322925E-1
125 181 1.8951971407624285E-1
125 251 3.102065306125929E-1
125 378 3.992245758624309E-1
125 462 4.283749197246128E-1
126 28 4.117313259755919E-1
126 121 1.1832930292754323E-1
126 203 4.3167044953526473E-1
126 254 9.060407888277683E-2
126 280 2.641281772833078E-1
126 285 4.9763178595387253E-1
126 304 2.7275731896975913E-1
126 330 4.2966731776584893E-1
126 386 4.663378835505666E-2
126 414 1.910499999311036E-1
126 466 7.317208202871378E-2
127 29 4.0731922123806497E-1
127 36 2.5054326411342126E-1
127 51 1.783102932087507E-1
127 95 2.5554972096760936E-1
127 124 2.333255529113587E-2
127 168 1.1725109643406934E-1
127 175 1.8111503996970618E-1
127 184 3.5946386835129907E-1
127 185 4.591623237376973E-1
127 256 1.1825605526628147E-1
127 266 1.3395081709743661E-1
127 298 8.781247568606582E-2
127 305 2.6919472678166406E-1
127 328 2.794230958273813E-1
127 392 4.657443316166455E-1
127 482 1.6306865466285964E-1
128 145 4.5019552050838574E-1
128 342 2.512476763125487E-1
128 386 4.067372970547651E-1
128 444 1.2019335767714634E-2
128 466 3.411612951004054E-1
129 1 2.955619265587799E-1
129 36 4.992299819461746E-1
129 104 4.7124454315732023E-1
129 124 2.1666261393852881E-1
129 209 4.776913187551918E-2
129 338 3.524258233339008E-1
129 369 4.08428831537496E-1
129 475 1.2349203226266098E-1
129 489 2.1315340440222996E-1
129 495 3.6085383917159164E-1
130 57 2.1049780374021587E-1
130 69 1.1962409301025567E-1
130 78 4.51330370868896E-1
130 93 3.837173373720943E-1
130 113 1.78996299100173E-1
130 257 3.695663484767592E-1
130 264 4.205821310868714E-1
130 288 3.5614754096850243E-1
130 361 2.0533628704581175E-1
130 483 4.415275147450969E-1
131 55 2.2262837643576472E-1
131 176 2.677204062556011E-1
131 208 4.156880900335795E-1
131 270 1.5435051298194086E-1
131 283 4.200337208822977E-1
131 338 1.8657051733969798E-1
131 346 3.729418726311419E-1
131 347 2.5795394804258087E-1
131 453 3.3217525054477565E-1
131 468 3.1073813606052103E-1
131 469 4.7131389993059714E-1
132 13 1.5033211155320703E-1
132 67 7.12737874340591E-3
132 88 2.5202556369303736E-1
132 108 4.64239130556627E-1
132 233 4.9716970591790205E-1
132 294 2.430871235591474E-1
132 304 4.801537919503532E-1
132 416 2.185259208514323E-1
132 444 3.383425087987556E-1
132 478 6.902007378856839E-2
133 18 1.743602023815211E-1
133 73 1.9089722728537573E-1
133 174 2.2666136469982623E-1
133 209 2.7560816702244073E-1
133 210 2.4718118618574098E-1
133 261 3.612430124743465E-1
133 312 1.4610650359962452E-3
133 411 4.459225504928132E-1
133 487 1.3213736862340503E-1
134 319 9.049986512652652E-3
134 329 3.6999274966430495E-1
134 337 3.469672991675465E-1
134 408 4.6765702086977545E-1
134 472 2.250939075710719E-1
135 9 4.0048582051162135E-1
135 15 2.5950918780665644E-1
135 26 1.8975958050413633E-1
135 137 3.298785355158911E-1
135 215 2.10626083522382E-1
135 237 2.798711361639454E-1
135 354 1.2713478278092988E-1
135 420 3.250908288174263E-1
135 432 1.9725375491975544E-1
135 449 2.4559273983324614E-1
136 40 4.779810307902465E-1
136 151 4.150787112276614E-1
136 157 1.6935969606339651E-1
136 236 6.2358809787362135E-2
136 247 8.200987681875382E-2
136 252 2.1827451647313473E-1
136 319 4.806653091873552E-1
136 482 1.2271672327967492E-1
137 135 3.298785355158911E-1
137 265 5.4425529056589594E-2
137 303 4.3503972787734746E-1
137 324 2.739816112814012E-1
137 341 4.2641554667834164E-1
137 349 1.3141969647184087E-1
137 413 2.4531317552970844E-1
137 448 2.284107882378516E-1
137 476 1.8526380680933213E-1
137 483 1.3943486116641896E-1
138 37 1.5644099325253197E-1
138 42 1.2892244544436648E-1
138 91 4.259946850731273E-1
138 96 2.461493367543905E-1
138 147 2.6566342330731185E-2
138 222 2.4572237291460391E-1
138 246 4.771952924372082E-1
138 341 1.126029497441528E-1
138 351 4.9401341429264733E-1
138 394 1.7475964705325725E-1
138 493 2.7035850192630334E-1
139 90 5.244738822761608E-3
139 112 3.4700844302202105E-1
139 181 3.030901860421302E-1
139 225 4.8583469220026215E-1
139 249 3.857624664404963E-1
139 329 2.9954960393484814E-1
139 357 4.805474189116569E-1
139 436 6.633141301029571E-2
140 41 6.77211396395318E-2
140 103 1.8952637528713695E-1
140 117 4.219236533019233E-1
140 142 3.6385891498698586E-1
140 210 3.943157865692524E-1
140 236 3.534956732713548E-1
140 337 1.9382875471655525E-1
140 338 2.685045863463032E-1
140 352 2.803426587875027E-1
140 376 4.238759395498342E-1
141 19 3.2978110176990644E-1
141 31 4.448361473339146E-2
141 38 1.4343675024822822E-1
141 42 3.567318628496578E-1
141 121 1.4843758165977694E-1
141 165 1.1996699163142305E-1
141 170 4.74004042071728E-1
141 223 3.5869846742905603E-1
141 347 4.4075363305928994E-1
141 354 1.1808872007432109E-1
141 357 1.6188372003300938E-1
141 364 3.353864641024446E-1
141 372 7.440837262430694E-2
141 376 3.457189944366349E-1
141 476 1.4400443895796256E-1
142 17 2.3999234197534158E-1
142 105 4.2329593781213204E-2
142 140 3.6385891498698586E-1
142 209 4.9633491180911615E-1
142 257 1.4941492034465143E-1
142 274 2.900757289568924E-1
142 401 1.0182220747940823E-1
142 422 3.458783580750774E-2
143 197 4.53442239834782E-1
143 284 6.704621307429409E-2
143 306 1.2300639539424679E-1
143 312 1.9863356832395318E-2
144 40 3.626792456607893E-1
144 78 2.3920090629115304E-1
144 89 2.626751932157434E-1
144 221 2.914525085167553E-1
144 258 3.5407246987650437E-1
144 276 1.9783291208754494E-1
144 298 1.1290967653217143E-1
144 308 5.0234653150715125E-2
144 351 1.8006167085334546E-1
145 73 1.032738516932058E-2
145 128 4.5019552050838574E-1
145 194 2.1942870150290006E-2
145 197 1.0040719190219238E-1
145 254 1.2924821508473516E-1
145 263 1.9501385744547167E-1
145 264 3.2201091327410997E-1
145 273 3.6696996143432714E-1
145 309 5.479627177440061E-2
145 329 2.4369841295847017E-1
145 459 2.8419419901758597E-1
146 39 4.312969771756386E-1
146 44 4.8172244301342476E-1
146 69 2.3405850247937693E-1
146 83 1.5939954254115363E-1
146 97 3.695058777977955E-1
146 198 4.4075248505949677E-1
146 325 4.4669215514417426E-1
146 454 5.578447083968019E-2
146 499 2.034819167536963E-1
147 36 1.3793952889197603E-1
147 101 3.6059735921116925E-1
147 102 9.284566938680267E-2
147 138 2.6566342330731185E-2
147 150 7.110614500698215E-2
147 156 4.805124863943805E-1
